2669.0
2467.0
2206.0
2251.0
2267.0
2210.0
2312.0
2159.0
2111.0
2322.0
2156.0
2244.0
2093.0
2235.0
2187.0
2293.0
2153.0
2074.0
2234.0
2205.0
2106.0
2219.0
2076.0
2072.0
2115.0
2169.0
2091.0
2210.0
2131.0
2180.0
2266.0
2332.0
2357.0
2266.0
2231.0
2228.0
2285.0
2192.0
2152.0
2107.0
2272.0
2288.0
2196.0
2312.0
2457.0
2632.0
2512.0
2587.0
2490.0
2433.0
2430.0
2466.0
2364.0
2373.0
2294.0
2371.0
2418.0
2312.0
2290.0
2192.0
2839.0
2630.0
2457.0
2341.0
2240.0
2425.0
2466.0
2347.0
2344.0
2372.0
2363.0
2318.0
2334.0
2318.0
2300.0
2404.0
2397.0
2223.0
2301.0
2375.0
2389.0
2404.0
2333.0
2246.0
2212.0
2296.0
2215.0
2283.0
2303.0
2251.0
2401.0
2359.0
2306.0
2222.0
2296.0
2440.0
2280.0
2281.0
2240.0
2230.0
2278.0
2315.0
2238.0
2259.0
2330.0
2266.0
2289.0
2292.0
2240.0
2308.0
2331.0
2274.0
2345.0
2272.0
2373.0
2333.0
2292.0
2379.0
2329.0
2363.0
2817.0
2508.0
2434.0
2457.0
2366.0
2482.0
2447.0
2465.0
2390.0
2355.0
2385.0
2322.0
2487.0
2346.0
2357.0
2518.0
2388.0
2410.0
2417.0
2333.0
2362.0
2388.0
2524.0
2417.0
2446.0
2372.0
2335.0
2455.0
2361.0
2363.0
2505.0
2336.0
2429.0
2261.0
2364.0
2427.0
2344.0
2341.0
2390.0
2386.0
2487.0
2412.0
2456.0
2425.0
2399.0
2334.0
2390.0
2383.0
2331.0
2426.0
2372.0
2388.0
2437.0
2378.0
2406.0
2380.0
2428.0
2399.0
2404.0
2347.0
2805.0
2494.0
2487.0
2387.0
2346.0
2425.0
2421.0
2479.0
2447.0
2460.0
2423.0
2429.0
2496.0
2359.0
2341.0
2394.0
2482.0
2402.0
2386.0
2465.0
2391.0
2320.0
2457.0
2350.0
2464.0
2413.0
2333.0
2367.0
2434.0
2376.0
2530.0
2415.0
2427.0
2416.0
2490.0
2446.0
2369.0
2435.0
2471.0
2396.0
2486.0
2413.0
2515.0
2381.0
2433.0
2422.0
2484.0
2351.0
2405.0
2422.0
2398.0
2333.0
2384.0
2372.0
2489.0
2520.0
2432.0
2462.0
2455.0
2376.0
2824.0
2538.0
2556.0
2566.0
2535.0
2603.0
2558.0
2596.0
2455.0
2473.0
2421.0
2480.0
2479.0
2460.0
2456.0
2505.0
2439.0
2546.0
2524.0
2449.0
2496.0
2451.0
2504.0
2361.0
2552.0
2445.0
2474.0
2504.0
2517.0
2553.0
2649.0
2481.0
2458.0
2490.0
2490.0
2444.0
2542.0
2645.0
2474.0
2431.0
2499.0
2516.0
2472.0
2466.0
2492.0
2499.0
2506.0
2436.0
2417.0
2406.0
2589.0
2512.0
2528.0
2580.0
2522.0
2509.0
2443.0
2543.0
2570.0
2545.0
2925.0
2647.0
2600.0
2532.0
2573.0
2590.0
2616.0
2549.0
2472.0
2556.0
2508.0
2528.0
2467.0
2512.0
2557.0
2748.0
2976.0
2863.0
2835.0
2850.0
2628.0
2711.0
2548.0
2530.0
2641.0
2584.0
2556.0
2521.0
2505.0
2550.0
2714.0
2561.0
2502.0
2626.0
2562.0
2571.0
2459.0
2678.0
2503.0
2587.0
2532.0
2499.0
2467.0
2482.0
2524.0
2501.0
2596.0
2548.0
2415.0
2545.0
2505.0
2576.0
2453.0
2501.0
2415.0
2552.0
2451.0
2551.0
2526.0
2482.0
3045.0
2836.0
2498.0
2632.0
2586.0
2576.0
2718.0
2545.0
2614.0
2594.0
2580.0
2619.0
2599.0
2471.0
2554.0
2659.0
2567.0
2591.0
2616.0
2500.0
2479.0
2492.0
2468.0
2447.0
2571.0
2488.0
2480.0
2488.0
2478.0
2574.0
2488.0
2475.0
2477.0
2459.0
2400.0
2443.0
2472.0
2427.0
2461.0
2416.0
2364.0
2544.0
2537.0
2417.0
2406.0
2454.0
2449.0
2438.0
2399.0
2393.0
2429.0
2357.0
2372.0
2379.0
2459.0
2409.0
2282.0
2436.0
2340.0
2422.0
2743.0
2403.0
2347.0
2382.0
2353.0
2350.0
2422.0
2383.0
2247.0
2214.0
2306.0
2274.0
2323.0
2219.0
2390.0
2315.0
2310.0
2276.0
2299.0
2214.0
2352.0
2172.0
2281.0
2192.0
2264.0
2307.0
2136.0
2174.0
2189.0
2178.0
2251.0
2116.0
2250.0
2198.0
2189.0
2263.0
2201.0
2186.0
2085.0
2173.0
2123.0
2080.0
2102.0
2103.0
2135.0
2231.0
2132.0
2185.0
2167.0
2121.0
2137.0
2058.0
2058.0
2146.0
2067.0
2129.0
2103.0
2083.0
2047.0
2071.0
2398.0
2243.0
2118.0
2096.0
2104.0
2123.0
2096.0
2196.0
2084.0
2049.0
2097.0
2085.0
1998.0
2069.0
1990.0
2038.0
2059.0
2012.0
2079.0
2070.0
2029.0
2004.0
1997.0
2013.0
2013.0
2035.0
1988.0
1991.0
1964.0
2017.0
2164.0
1992.0
2007.0
1988.0
2055.0
2019.0
2024.0
2089.0
1891.0
1943.0
2047.0
1996.0
2048.0
2030.0
2051.0
1988.0
2014.0
1935.0
2054.0
1962.0
1902.0
1922.0
2001.0
1991.0
1952.0
1973.0
1945.0
1944.0
1898.0
1884.0
2362.0
2176.0
1925.0
2061.0
2165.0
2027.0
2088.0
2067.0
2080.0
2034.0
2031.0
2018.0
1984.0
1989.0
1926.0
2021.0
1989.0
1938.0
1942.0
1930.0
1979.0
1943.0
1923.0
1830.0
1921.0
1957.0
1842.0
1948.0
1835.0
1815.0
2095.0
1956.0
1970.0
1843.0
1914.0
1858.0
1896.0
1836.0
1867.0
1849.0
1886.0
1923.0
1868.0
1848.0
1812.0
1931.0
1885.0
1850.0
1889.0
1872.0
1746.0
1837.0
1881.0
1909.0
1884.0
1877.0
1894.0
1876.0
1893.0
1878.0
2271.0
2041.0
2018.0
2021.0
1937.0
1985.0
1919.0
1925.0
1837.0
1911.0
1805.0
1825.0
1943.0
1928.0
1987.0
1923.0
1928.0
1968.0
1859.0
1934.0
1876.0
1945.0
1857.0
1919.0
1871.0
1873.0
1865.0
1847.0
1892.0
1910.0
1945.0
1912.0
1908.0
1953.0
1855.0
1838.0
1926.0
1787.0
1867.0
1900.0
1912.0
1938.0
1925.0
1847.0
1841.0
1917.0
1870.0
1929.0
1860.0
1955.0
1803.0
1921.0
1892.0
1921.0
1929.0
1872.0
1934.0
1954.0
1921.0
1954.0
2301.0
2112.0
2007.0
1975.0
1908.0
1917.0
2061.0
1987.0
1959.0
1871.0
2026.0
1941.0
1999.0
1936.0
2010.0
2002.0
1960.0
1918.0
1926.0
1985.0
1923.0
1979.0
1938.0
1938.0
2049.0
1936.0
1976.0
1987.0
1951.0
1905.0
2082.0
1943.0
1910.0
1926.0
1917.0
1996.0
1982.0
1977.0
2001.0
1878.0
2073.0
1904.0
1986.0
1973.0
1916.0
1974.0
1966.0
1977.0
1990.0
1942.0
1929.0
1943.0
1950.0
2079.0
2064.0
2048.0
2088.0
2072.0
2005.0
2068.0
2549.0
2349.0
2144.0
2259.0
2120.0
2240.0
2153.0
2221.0
2170.0
2166.0
2237.0
2045.0
2120.0
2175.0
2101.0
2139.0
2134.0
2169.0
2144.0
2274.0
2292.0
2279.0
2183.0
2176.0
2110.0
2157.0
2093.0
2199.0
2239.0
2259.0
2381.0
2322.0
2267.0
2182.0
2234.0
2286.0
2343.0
2329.0
2270.0
2288.0
2233.0
2239.0
2305.0
2265.0
2207.0
2341.0
2365.0
2331.0
2286.0
2294.0
2340.0
2293.0
2276.0
2346.0
2356.0
2331.0
2432.0
2253.0
2223.0
2328.0
2813.0
2719.0
2472.0
2406.0
2404.0
2475.0
2487.0
2382.0
2442.0
2379.0
2439.0
2421.0
2507.0
2352.0
2454.0
2498.0
2473.0
2371.0
2499.0
2492.0
2451.0
2564.0
2394.0
2428.0
2486.0
2457.0
2467.0
2438.0
2421.0
2419.0
2553.0
2462.0
2503.0
2485.0
2441.0
2534.0
2494.0
2498.0
2428.0
2500.0
2568.0
2548.0
2669.0
2577.0
2513.0
2609.0
2509.0
2514.0
2618.0
2556.0
2608.0
2521.0
2587.0
2558.0
2671.0
2679.0
2623.0
2602.0
2551.0
2476.0
3144.0
2889.0
2725.0
2688.0
2739.0
2675.0
2716.0
2706.0
2758.0
2728.0
2657.0
2669.0
2796.0
2731.0
2717.0
2743.0
2635.0
2692.0
2802.0
2728.0
2702.0
2749.0
2656.0
2671.0
2672.0
2734.0
2771.0
2613.0
2782.0
2701.0
2925.0
2721.0
2927.0
2739.0
2733.0
2864.0
2825.0
2763.0
2808.0
2784.0
2868.0
2869.0
2811.0
2895.0
2837.0
2873.0
2893.0
2909.0
2819.0
2826.0
2733.0
2840.0
2887.0
2899.0
2782.0
2931.0
2837.0
2889.0
2818.0
2808.0
3377.0
3165.0
3027.0
3033.0
3009.0
3024.0
3040.0
3071.0
3049.0
3025.0
2915.0
3054.0
2973.0
3048.0
2977.0
2923.0
3035.0
3087.0
3005.0
3013.0
3072.0
3022.0
2983.0
2950.0
2973.0
3022.0
3069.0
3009.0
3032.0
3090.0
3211.0
3150.0
3124.0
3036.0
3016.0
3106.0
3134.0
3042.0
2937.0
3008.0
3095.0
3073.0
3091.0
3002.0
3089.0
3143.0
3165.0
3090.0
3042.0
3067.0
3074.0
3141.0
3174.0
3270.0
3290.0
3247.0
3168.0
3117.0
3175.0
3223.0
3564.0
3477.0
3277.0
3308.0
3245.0
3232.0
3244.0
3244.0
3407.0
3238.0
3223.0
3203.0
3303.0
3156.0
3174.0
3377.0
3297.0
3139.0
3284.0
3377.0
3250.0
3272.0
3272.0
3226.0
3207.0
3191.0
3249.0
3252.0
3309.0
3270.0
3435.0
3243.0
3338.0
3346.0
3303.0
3291.0
3236.0
3391.0
3148.0
3296.0
3313.0
3208.0
3291.0
3202.0
3181.0
3421.0
3328.0
3098.0
3309.0
3252.0
3358.0
3279.0
3252.0
3382.0
3247.0
3280.0
3334.0
3234.0
3344.0
3239.0
3672.0
3502.0
3314.0
3403.0
3319.0
3284.0
3389.0
3434.0
3290.0
3334.0
3354.0
3239.0
3279.0
3278.0
3258.0
3445.0
3285.0
3264.0
3227.0
3218.0
3191.0
3218.0
3225.0
3264.0
3069.0
3242.0
3179.0
3247.0
3209.0
3289.0
3416.0
3459.0
3286.0
3285.0
3191.0
3284.0
3351.0
3273.0
3212.0
3301.0
3191.0
3271.0
3211.0
3238.0
3285.0
3335.0
3328.0
3291.0
3316.0
3218.0
3300.0
3248.0
3304.0
3230.0
3304.0
3374.0
3315.0
3297.0
3222.0
3353.0
4104.0
3959.0
3713.0
3576.0
3579.0
3569.0
3609.0
3467.0
3423.0
3515.0
3434.0
3451.0
3409.0
3421.0
3261.0
3317.0
3371.0
3367.0
3248.0
3300.0
3277.0
3468.0
3580.0
3474.0
3330.0
3405.0
3396.0
3260.0
3316.0
3264.0
3425.0
3335.0
3193.0
3207.0
3184.0
3285.0
3244.0
3176.0
3208.0
3147.0
3194.0
3168.0
3159.0
3136.0
3168.0
3281.0
2988.0
3175.0
3183.0
3092.0
3154.0
3006.0
3041.0
3109.0
3111.0
3064.0
3175.0
2994.0
3060.0
3023.0
3417.0
3147.0
3030.0
3072.0
2953.0
3068.0
3004.0
2944.0
2862.0
2956.0
2915.0
2969.0
2900.0
2880.0
2848.0
2847.0
2745.0
2866.0
2962.0
2763.0
2884.0
2764.0
2805.0
2852.0
2836.0
2749.0
2828.0
2857.0
2873.0
2808.0
2955.0
2907.0
2829.0
2800.0
2861.0
2791.0
2743.0
2879.0
2729.0
2689.0
2784.0
2698.0
2717.0
2753.0
2741.0
2699.0
2714.0
2690.0
2740.0
2650.0
2639.0
2714.0
2644.0
2678.0
2800.0
2701.0
2647.0
2804.0
2645.0
2662.0
3048.0
2756.0
2696.0
2587.0
2675.0
2607.0
2627.0
2585.0
2578.0
2446.0
2554.0
2541.0
2581.0
2512.0
2537.0
2529.0
2480.0
2491.0
2477.0
2482.0
2492.0
2452.0
2465.0
2502.0
2469.0
2471.0
2383.0
2378.0
2411.0
2314.0
2438.0
2324.0
2370.0
2412.0
2322.0
2269.0
2351.0
2283.0
2263.0
2281.0
2308.0
2315.0
2245.0
2340.0
2350.0
2346.0
2346.0
2335.0
2296.0
2243.0
2252.0
2279.0
2255.0
2213.0
2302.0
2223.0
2300.0
2344.0
2310.0
2295.0
2747.0
2575.0
2326.0
2336.0
2313.0
2247.0
2373.0
2243.0
2353.0
2241.0
2281.0
2195.0
2198.0
2196.0
2279.0
2247.0
2297.0
2205.0
2256.0
2128.0
2186.0
2128.0
2192.0
2196.0
2203.0
2200.0
2135.0
2215.0
2193.0
2171.0
2296.0
2183.0
2207.0
2152.0
2192.0
2116.0
2114.0
2193.0
2122.0
2102.0
2138.0
2063.0
2240.0
2210.0
2153.0
2175.0
2108.0
2110.0
2180.0
2093.0
2183.0
2127.0
2080.0
2066.0
2086.0
2109.0
2116.0
2119.0
2114.0
2125.0
2403.0
2192.0
2109.0
2166.0
2032.0
2159.0
2098.0
2139.0
2069.0
2127.0
2165.0
2003.0
2083.0
2162.0
1972.0
2097.0
2003.0
1987.0
2056.0
2098.0
2054.0
2017.0
2004.0
2015.0
1959.0
1993.0
1996.0
2106.0
2125.0
1990.0
2193.0
2090.0
2042.0
2068.0
2103.0
2014.0
2098.0
2132.0
2070.0
2085.0
2032.0
1964.0
2016.0
2055.0
1985.0
2016.0
2092.0
1987.0
2024.0
1997.0
1954.0
1998.0
1952.0
1998.0
2121.0
2008.0
2051.0
2038.0
2106.0
2007.0
2438.0
2154.0
2083.0
2001.0
2049.0
2171.0
2016.0
2027.0
2102.0
2016.0
1994.0
1976.0
1993.0
2006.0
1969.0
2122.0
2104.0
2016.0
2091.0
2058.0
2078.0
2010.0
2051.0
2060.0
2039.0
2024.0
2024.0
1995.0
2009.0
1965.0
2172.0
2087.0
1968.0
2038.0
2061.0
2091.0
2027.0
2143.0
2077.0
2016.0
2011.0
2079.0
2019.0
2046.0
2081.0
2119.0
2192.0
1992.0
2128.0
2123.0
2071.0
2006.0
2024.0
1995.0
2086.0
2097.0
2059.0
2061.0
2028.0
1989.0
2345.0
2281.0
2078.0
2076.0
2121.0
2164.0
2071.0
2106.0
2074.0
2179.0
2106.0
2049.0
2061.0
2039.0
2123.0
2175.0
2093.0
2131.0
2155.0
2139.0
2129.0
2087.0
2114.0
2126.0
2099.0
2116.0
2116.0
2121.0
2036.0
2106.0
2158.0
2152.0
2136.0
2185.0
2080.0
2123.0